pp
par0 : 0.899473
par1 : 0.0268296
par2 : -5.44993e-05
par3 : -1.22711e-05

PbPb
par0 : 0.978561
par1 : 0.00406606


log(x) polynomials
pp
par0 : 0.899473
par1 : 0.0268296
par2 : -5.44993e-05
par3 : -1.22711e-05

PbPb
par0 : 0.978561
par1 : 0.00406606
par2 : 0
