pp
par0 : 0.735902
par1 : 0.0848251
par2 : -0.00260375
par3 : 2.8312e-05

PbPb
par0 : 0.976754
par1 : 0.0043164


log(x) polynomials
pp
par0 : 0.735902
par1 : 0.0848251
par2 : -0.00260375
par3 : 2.8312e-05

PbPb
par0 : 0.976754
par1 : 0.0043164
par2 : 0
